rtx.antiCulling.antiCullingTextures = 0x32A6772F94278A7F, 0x517E7AE6F4DBB077, 0x201F8A1939BE94FE, 0x255CD32B412777AC
rtx.autoExposure.enabled = False
rtx.beamTextures = 0x3F79EB33726E0B88, 0xFB68B1BF0EF192A8
rtx.graphicsPreset = 4
rtx.bloom.intensity = 0.02
rtx.bloom.sigma = 0.2
rtx.enableFogRemap = True
rtx.displacement.mode = 2
rtx.volumetricTransmittanceMeasurementDistance = 4000
rtx.volumetricTransmittanceColor = 0.996078, 0.996078, 0.996078
rtx.uiTextures = 0x74BDE5C4A4C992E4, 0xC1B1164C136C4FB4, 0x4BABD1747B8DA534, 0x4FCE8AF0A2A85E80, 0x2BD5FD948D1837C0, 0x785B0B05A6DFD060, 0x24F05B72ECBD6CD3, 0x94E26D8E04364852, 0x595D3953FCBA0872, 0xB6F7240D83A0ACB2, 0x66F9B09FC6F78FC6, 0x3FE5E7DC325A830D, 0xC015B8AA94BD5A8D, 0x30AFDB643F82534F, 0x2E45CCEE9856A577, 0xAD85453BAD0E55AE, 0x29BEBE27A69F7BEE, 0x8670B6587AECDDAB, 0xDF6926CB0C0BFBAB, 0xFAFBBB53F61E2596, 0xEE1F34E4963913E5, 0x78DC62A2875B82A3, 0xC2F8DE0623091B84, 0x22FFD940B15E7144, 0x3AED5A625671E9, 0x1D46C72BFF96232D, 0x6E2471EDCE5AD95A, 0x33D5ECD11789CC9A, 0xCE900D882EAF862C, 0x48B71B6467592726, 0x56791DA4177F3478, 0x3F56E7480D7CF445, 0xF730F2C36DF450C5, 0x26F6231F75A48D02, 0xBEA7606C22DFBE42, 0xDC5A93EA3716FCBE, 0x7F8594DAA562A561, 0x6323E91A3D8C1561, 0xD4D7FC0A84EBE85C, 0xFEF400AF62BB1251, 0xA0D0AFAD5233C4DD, 0xF9C735ECA9DAB422, 0xA79D2DD990A2811B, 0x2A9ECBADB8C44F1, 0x85A0D939B5596ADE, 0xD54C6FC0B3B7C173, 0x4562F9EB90472C2F
rtx.fusedWorldViewMode = 2
rtx.enableFog = False
rtx.decalTextures = 0xD99370A703A25485, 0xA278890FC0027659
rtx.qualityDLSS = 3
rtx.enableIndirectTranslucentShadows = True
rtx.dlssPreset = 2
rtx.effectLightIntensity = 0.0005
rtx.effectLightRadius = 0.01
rtx.emissiveBlendOverrideEmissiveIntensity = 0.025
rtx.vertexColorStrength = 0.8
rtx.emissiveIntensity = 20
rtx.enableDirectTranslucentShadows = True
rtx.uniqueObjectDistance = 30
rtx.ignoreGameDirectionalLights = True
rtx.enableFogColorRemap = True
rtx.enableFogMaxDistanceRemap = False
rtx.neeCache.enable = False
rtx.ignoreGamePointLights = True
rtx.enableUnorderedEmissiveParticlesInIndirectRays = True
rtx.enableVolumetricLighting = True
rtx.fallbackLightAngle = 1
rtx.fallbackLightDirection = 0.4, -1, 0.1
rtx.volumetricSingleScatteringAlbedo = 0, 0, 0
rtx.fallbackLightMode = 2
rtx.fallbackLightRadiance = 0.1, 0.1, 0.12
rtx.ignoreGameSpotLights = True
rtx.ignoreTextures = 0x1A4238FC6F23E23F, 0x2A78B9DE93BBFCE4, 0x30AFEB81FF88C4AC, 0xE86841B49CDE0A8E, 0x37AE31CD71C9EE6D, 0xA46640E363E68AC8
rtx.localtonemap.boostLocalContrast = True
rtx.instanceOverrideInstanceIdx = 2147483647
rtx.legacyMaterial.metallicConstant = 0
rtx.lightConversionSphereLightFixedRadius = 1
rtx.useRayPortalVirtualInstanceMatching = False
rtx.localtonemap.exposure = 1
rtx.pstrMaxBounces = 151
rtx.localtonemap.highlights = -2
rtx.localtonemap.shadows = 4
rtx.particleTextures = 0x74527A76D7575036, 0x8198A3D51C48A702, 0x1B6961974AEE7984, 0xAC3E9F2000E6967F, 0x6DB08796577A121
rtx.psrrMaxBounces = 15
rtx.sceneScale = 0.01
rtx.skyBoxTextures = 0x7C3E55D08E5B6285, 0x2F3D956945EDF0D, 0x3521DB49380CB4A, 0x912A47456861CD12, 0x87627F6A09390F38, 0x358F2FB28B3DC550, 0x62BCA640CEFAE190, 0xA19E22C8DA50B23E, 0x8E9DF0070C6BF9B5, 0x2B200E177D7A1FD3, 0x21F375FEC9CFC593, 0xB5C8566385ABA2F2, 0x4DA1697FA5FAD7F7, 0xD434F09B538946C3, 0xFA0854DE9EA9DC4E
rtx.skyBrightness = 0.1
