rtx.effectLightIntensity = 0.0005
rtx.antiCulling.antiCullingTextures = 0x32A6772F94278A7F, 0x517E7AE6F4DBB077, 0x201F8A1939BE94FE, 0x255CD32B412777AC
rtx.beamTextures = 0x3F79EB33726E0B88, 0xFB68B1BF0EF192A8
rtx.graphicsPreset = 0
rtx.bloom.intensity = 0.02
rtx.bloom.sigma = 0.2
rtx.enableFog = False
rtx.defaultToAdvancedUI = True
rtx.volumetricTransmittanceMeasurementDistance = 4000
rtx.volumetricTransmittanceColor = 0.996078, 0.996078, 0.996078
rtx.uiTextures = 0x74BDE5C4A4C992E4, 0x4BABD1747B8DA534, 0x2BD5FD948D1837C0, 0x785B0B05A6DFD060, 0x24F05B72ECBD6CD3, 0x595D3953FCBA0872, 0x94E26D8E04364852, 0x66F9B09FC6F78FC6, 0x3FE5E7DC325A830D, 0x30AFDB643F82534F, 0x2E45CCEE9856A577, 0xAD85453BAD0E55AE, 0x8670B6587AECDDAB, 0xFAFBBB53F61E2596, 0xEE1F34E4963913E5, 0x78DC62A2875B82A3, 0xC2F8DE0623091B84, 0x3AED5A625671E9, 0x1D46C72BFF96232D, 0x6E2471EDCE5AD95A
rtx.captureInstanceStageName = capture_2024-02-03_09-48-25.usd
rtx.effectLightRadius = 0.01
rtx.emissiveBlendOverrideEmissiveIntensity = 0.005
rtx.vertexColorStrength = 0.8
rtx.emissiveIntensity = 10
rtx.enableDirectTranslucentShadows = True
rtx.uniqueObjectDistance = 5
rtx.ignoreGameDirectionalLights = True
rtx.enableFogColorRemap = True
rtx.enableFogMaxDistanceRemap = False
rtx.enableFogRemap = True
rtx.enableIndirectTranslucentShadows = True
rtx.terrainBaker.cascadeMap.useTerrainBBOX = False
rtx.ignoreGamePointLights = True
rtx.enableUnorderedEmissiveParticlesInIndirectRays = True
rtx.enableVolumetricLighting = True
rtx.fallbackLightAngle = 1
rtx.terrainBaker.cascadeMap.levelHalfWidth = 0.1
rtx.fallbackLightDirection = 0.4, -1, 0.1
rtx.volumetricSingleScatteringAlbedo = 0, 0, 0
rtx.fallbackLightMode = 2
rtx.fallbackLightRadiance = 0.2, 0.2, 0.22
rtx.ignoreGameSpotLights = True
rtx.ignoreLights = 0x3F79EB33726E0B88
rtx.ignoreTextures = 0x37AE31CD71C9EE6D, 0xA46640E363E68AC8, 0xE86841B49CDE0A8E, 0x1A4238FC6F23E23F, 0x30AFEB81FF88C4AC, 0x2A78B9DE93BBFCE4
rtx.instanceOverrideInstanceIdx = 2147483647
rtx.legacyMaterial.metallicConstant = 0
rtx.lightConversionSphereLightFixedRadius = 1
rtx.particleTextures = 0x74527A76D7575036, 0x8198A3D51C48A702, 0x1B6961974AEE7984, 0xAC3E9F2000E6967F
rtx.sceneScale = 0.01
rtx.skyBoxTextures = 0x7C3E55D08E5B6285, 0x2F3D956945EDF0D, 0x3521DB49380CB4A, 0x912A47456861CD12, 0x87627F6A09390F38, 0x358F2FB28B3DC550, 0x62BCA640CEFAE190, 0xA19E22C8DA50B23E, 0x8E9DF0070C6BF9B5, 0x2B200E177D7A1FD3
rtx.skyBrightness = 0.1
rtx.terrainBaker.cascadeMap.levelResolution = 8192
rtx.terrainBaker.cascadeMap.maxLevels = 16
rtx.terrainBaker.clearTerrainBeforeBaking = True
rtx.terrainBaker.material.properties.roughnessAnisotropy = 0.6
rtx.terrainTextures = 0x237222506B6852B7, 0x35BAC2BFE873943F, 0x905C4FBBB073AA99, 0xD5E1DBBBE860A11A, 0x63A67A4A53CCA19A, 0x9524F310352FCC92, 0x8A125E824D58CA52, 0x7E0DA1B321F8D5F6, 0xFB35A61BD1C7CF3, 0xCD3AAFC226A6986E, 0xA737C8A62D19143E, 0x4C105DA9C8C023BE, 0x8A12F809F296047E, 0x9276EF040EA814E2, 0x9E45BFB87CBDFB31, 0x74BE9B2390B4D9FC, 0x635C5BE29A4E26B2, 0x180D01200294224E, 0x8B4E2F6DB39E17EA, 0x2296D2496EB575AA, 0x7CC594B3820AC9F9, 0x71899812D6BB3A45, 0xE9ABF86A2603D611, 0x55A6DEC9F43CB3C9, 0x61E0B0E2E1073E60
rtx.useRayPortalVirtualInstanceMatching = False
